100 40000
5.35897931700572e-08
5.35897933234476e-08
5.35897925886595e-08
5.35897811957304e-08
5.35897875663697e-08
5.35897726207269e-08
5.35897789913662e-08
5.35897995728602e-08
5.35897917326447e-08
5.3589798103284e-08
5.35897476305044e-08
5.35897682119984e-08
5.3589760371783e-08
5.35898093749864e-08
5.35898015347709e-08
5.35897936945555e-08
5.35897858543401e-08
5.35897780141246e-08
5.35897985956186e-08
5.35897054902749e-08
5.35897260717689e-08
5.35897750749723e-08
5.3589710391338e-08
5.35897025511226e-08
5.35896947109071e-08
5.35898005575294e-08
5.3589792717314e-08
5.3589614346842e-08
5.35897770368831e-08
5.35897691966677e-08
5.35897613564522e-08
5.35897535162368e-08
5.35897456760214e-08
5.35898515226437e-08
5.35897299955905e-08
5.35896653119562e-08
5.35897711585785e-08
5.35896496315253e-08
5.3589584947891e-08
5.35897476379322e-08
5.3589626110879e-08
5.35897888009202e-08
5.35898378041236e-08
5.35897731204893e-08
5.3589708436855e-08
5.35897574400584e-08
5.35896927564241e-08
5.3589969133303e-08
5.35896770759932e-08
5.35896123923589e-08
5.35898887692378e-08
5.35895967119281e-08
5.35898730888069e-08
5.35898084051726e-08
5.35895163478629e-08
5.35900200984172e-08
5.35898417279452e-08
5.35896633574732e-08
5.35898260475143e-08
5.35896476770423e-08
5.35898103670834e-08
5.35898593702869e-08
5.35897946866526e-08
5.3589843689856e-08
5.35897790062217e-08
5.35894869489119e-08
5.35899906994663e-08
5.35898123289942e-08
5.35897476453599e-08
5.35895692748879e-08
5.35896182780913e-08
5.35897809681325e-08
5.35898299713359e-08
5.35899926613771e-08
5.35895869172296e-08
5.35897496072707e-08
5.3589457549961e-08
5.35899613005153e-08
5.35897829300433e-08
5.3589718246409e-08
5.3589539875937e-08
5.35895888791404e-08
5.35897515691815e-08
5.35901416328981e-08
5.35898495755884e-08
5.35895575182786e-08
5.35897202083198e-08
5.35894281510101e-08
5.35895908410512e-08
5.35899809047678e-08
5.35896888474581e-08
5.35893967901483e-08
5.35895594801895e-08
5.35897221702306e-08
5.35901122339472e-08
5.35898201766374e-08
5.35895281193277e-08
5.35896908093688e-08
5.35893987520591e-08
5.35902435631266e-08
